* LIGAND DATABASE FILE (OPLS2005)
*
BX7      60    63    108    178     312
    1     0 S   I    _I01     1   113.61294    89.41155   -48.10710
    2     1 S   CA   _C28    28     2.14928   125.43489  -158.64959
    3     2 S   CA   _C26    26     1.40620   122.72353    27.09889
    4     2 S   CA   _C30    30     1.42905   123.16346  -153.00880
    5     4 S   HA   _H23    57     1.08965   118.72458     0.27268
    6     3 S   NE   _N07     7     1.48335   121.80057    -0.16432
    7     3 S   NB   _N10    10     1.36047   120.55546   179.55281
    8     4 S   NB   _N11    11     1.36208   122.50013  -179.73980
    9     6 S   H    _H2_    36     1.01956   120.88782     7.96314
   10     6 S   CT   _C21    21     1.45139   118.22430  -172.03260
   11     8 S   CQ   _C27    27     1.34740   120.68842     0.24629
   12    10 S   HC   _H17    51     1.09040   109.96373   -51.64862
   13    10 S   HC   _H18    52     1.09038   109.94825  -171.09411
   14    11 S   NE   _N08     8     1.44907   121.42633   179.54329
   15    10 S   CT   _C19    19     1.52231   108.50361    68.63119
   16    14 S   H    _H3_    37     1.01998   117.92531    -4.35015
   17    15 S   HC   _H14    48     1.08968   108.43725   -39.64036
   18    15 S   HC   _H15    49     1.09036   108.43289  -160.91608
   19    14 S   CA   _C22    22     1.44557   124.15073   175.64400
   20    15 S   CT   _C23    23     1.52817   111.53950    79.70972
   21    20 S   HC   _H19    53     1.09058   109.81884   162.43660
   22    20 S   HC   _H20    54     1.09019   109.84224   -77.99155
   23    20 S   N    _N09     9     1.42911   108.74403    42.22100
   24    19 S   CA   _C18    18     1.39439   120.52525  -178.88566
   25    19 S   CA   _C25    25     1.39597   121.90306     0.55001
   26    23 S   H    _H4_    38     1.01980   121.67420    78.03872
   27    24 S   HA   _H13    47     1.09028   119.31039     0.22381
   28    25 S   HA   _H22    56     1.09008   119.35514     0.58182
   29    24 S   CA   _C17    17     1.38252   121.36858  -179.79158
   30    25 S   CA   _C24    24     1.38513   121.32645  -179.43283
   31    23 S   C    _C29    29     1.44284   116.61799  -101.93914
   32    31 S   O    _O04     4     1.24320   118.80237     0.47847
   33    30 S   HA   _H21    55     1.09018   119.68801   179.56031
   34    29 S   N    _N06     6     1.44883   119.15120  -179.02743
   35    30 S   CA   _C20    20     1.38779   120.55913    -0.44191
   36    31 S   C5A  _C31    31     1.53033   120.51202   178.74617
   37    34 S   H    _H1_    35     1.01937   119.02891   -15.59025
   38    35 S   HA   _H16    50     1.08955   120.70072  -179.90109
   39    36 S   SA   _S02     2     1.62050   124.57539  -177.76384
   40    34 S   C    _C16    16     1.46180   121.94679   164.40723
   41    36 S   C5B  _C32    32     1.43359   125.42357     0.49575
   42    40 S   O    _O03     3     1.22620   119.65940     1.77343
   43    41 S   HA   _H24    58     1.09018   125.02298     0.95039
   44    40 S   N    _N05     5     1.42940   120.83855  -178.64116
   45    41 S   C5B  _C33    33     1.53598   109.97634  -179.03856
   46    45 S   HA   _H25    59     1.09003   125.26240  -179.37224
   47    44 S   CT   _C15    15     1.39041   122.08524  -179.44117
   48    45 S   C5A  _C34    34     1.42914   109.49765     0.65819
   49    47 S   HC   _H11    45     1.08989   111.52231    76.10700
   50    47 S   HC   _H12    46     1.08974   111.53977   -41.45218
   51    48 S   HA   _H26    60     1.08975   124.98197   179.53522
   52    47 S   CT   _C12    12     1.51001   105.40396  -162.69954
   53    52 S   HC   _H5_    39     1.08998   111.56132   111.18822
   54    52 S   HC   _H6_    40     1.09004   111.52720  -131.25247
   55    58 S   CT   _C13    13     1.50997   105.59173   163.21577
   56    55 S   HC   _H7_    41     1.09031   111.63818   129.96493
   57    55 S   HC   _H8_    42     1.09055   111.64916  -112.56419
   58    44 S   CT   _C14    14     1.39134   122.23540     0.45500
   59    58 S   HC   _H9_    43     1.09032   111.41129    42.06600
   60    58 S   HC   _H10    44     1.08960   111.44925   -75.63165
   7   9  12   6   2  10   7   4   4   9   5   5   4   8   8   3
   5   4   9   7   4   3   6  10   7   3   3   3   9   4   7   3
   2   8   3   7   3   1   6  10   5   3   3  12   3   2  11   1
   6   5   1   8   5   4   5   4   3   2   1   1
    6     7     8     3     2     4     5  
    4     9     5     3     6     7     8    10    11  
   11     4     9    12    13     5     6     7     8    10    14    15  
    5     6     7     8    11    14  
    8    11  
    7    15    10    20    11     9    17    18    12    13  
    8    10    19    11     9    16    14  
   19    11    16    14  
   12    13    10    15  
   20    17    18    12    13    21    22    15    23  
   16    14    19    24    25  
   13    15    17    18    20  
   15    17    18    20  
   29    24    19    30    25    16    27    28  
   20    31    26    17    18    21    22    23  
   19    24    25  
   18    21    22    20    23  
   21    22    20    23  
   30    25    27    33    28    24    29    34    35  
   31    36    26    21    22    23    32  
   22    23    26    31  
   23    26    31  
   31    36    41    26    32    39  
   35    30    25    37    27    38    28    29    34    40  
   27    38    33    28    29    30    35  
   31    32    36  
   29    34    35  
   30    33    35  
   35    30    37    38    33    34    40    42    44  
   38    33    34    35  
   36    41    45    48    43    32    39  
   36    41    39  
   35    38  
   58    47    40    35    37    38    42    44  
   37    38    40  
   41    45    48    43    46    51    39  
   40    42    44  
    0  
   41    45    48    43    46    51  
   59    60    49    50    42    44    47    52    55    58  
   45    48    43    46    51  
   44    58    47  
   46    45    48  
   52    55    58    47    53    54    56    57    59    60    49    50  
   48    46    51  
   51    48  
   53    54    56    57    59    60    49    50    52    55    58  
   51  
   50    52    53    54    55    58  
   52    53    54    55    58  
    0  
   55    58    53    54    56    57    59    60  
   54    56    57    55    58  
   56    57    55    58  
   58    56    57    59    60  
   57    59    60    58  
   59    60    58  
   59    60  
   60  
    0  
NBON
    1   3.7500   0.6000  -0.100000   2.1120   1.8750   0.001000000  -0.848554734
    2   3.5500   0.0700  -0.392000   2.0020   1.7750   0.001000000  -0.843144165
    3   3.5500   0.0700   0.864000   2.0020   1.7750   0.001000000  -0.843144165
    4   3.5500   0.0700   0.653000   2.0020   1.7750   0.001000000  -0.843144165
    5   2.4200   0.0300   0.011000   1.3810   1.2100   0.030040813   0.268726247
    6   3.3000   0.1700  -0.780000   1.8650   1.6500   0.051222218  -2.220205820
    7   3.2500   0.1700  -0.839000   1.8000   1.6000   0.001000000  -0.511443539
    8   3.2500   0.1700  -0.839000   1.8000   1.6000   0.001000000  -0.511443539
    9   0.5000   0.0300   0.380000   0.9960   0.8600   0.030040813  -0.651083722
   10   3.5000   0.0660   0.080000   1.9750   1.7500   0.005000000  -0.741685710
   11   3.5500   0.0700   0.966300   2.0020   1.7750   0.001000000  -0.843144165
   12   2.5000   0.0150   0.060000   1.4250   1.2500   0.008598240   0.268726247
   13   2.5000   0.0150   0.060000   1.4250   1.2500   0.008598240   0.268726247
   14   3.3000   0.1700  -0.704300   1.8650   1.6500   0.051222218  -2.220205820
   15   3.5000   0.0660  -0.120000   1.9750   1.7500   0.005000000  -0.741685710
   16   0.5000   0.0300   0.380000   0.9960   0.8600   0.030040813  -0.651083722
   17   2.5000   0.0300   0.060000   1.4250   1.2500   0.008598240   0.268726247
   18   2.5000   0.0300   0.060000   1.4250   1.2500   0.008598240   0.268726247
   19   3.5500   0.0700   0.200000   2.5000   1.7750   0.001000000  -0.843144165
   20   3.5000   0.0660   0.080000   1.9750   1.7500   0.005000000  -0.741685710
   21   2.5000   0.0300   0.060000   1.3810   1.2100   0.008598240   0.268726247
   22   2.5000   0.0300   0.060000   1.3810   1.2100   0.008598240   0.268726247
   23   3.2500   0.1700  -0.500000   1.8100   1.6000   0.054801302  -1.445846770
   24   3.5500   0.0700  -0.115000   2.0020   1.7750   0.001000000  -0.843144165
   25   3.5500   0.0700  -0.115000   2.0020   1.7750   0.001000000  -0.843144165
   26   0.5000   0.0300   0.300000   1.5900   1.4000   0.030040813  -0.651083722
   27   2.4200   0.0300   0.115000   1.3810   1.2100   0.030040813   0.268726247
   28   2.4200   0.0300   0.115000   1.3810   1.2100   0.030040813   0.268726247
   29   3.5500   0.0700   0.106600   2.5000   1.7750   0.001000000  -0.843144165
   30   3.5500   0.0700  -0.115000   2.0020   1.7750   0.001000000  -0.843144165
   31   3.7500   0.1050   0.505500   1.9250   1.7000   0.001000000  -0.126889456
   32   2.9600   0.2100  -0.500000   1.5250   1.4250   0.001000000  -1.480495490
   33   2.4200   0.0300   0.115000   1.3810   1.2100   0.030040813   0.268726247
   34   3.2500   0.1700  -0.472700   1.8100   1.6000   0.054801302  -1.445846770
   35   3.5500   0.0700  -0.115000   2.0020   1.7750   0.001000000  -0.843144165
   36   3.5500   0.0700  -0.069200   2.0020   1.7750   0.001000000  -0.843144165
   37   0.5000   0.0300   0.291200   1.5900   1.4000   0.030040813  -0.651083722
   38   2.4200   0.0300   0.115000   1.3810   1.2100   0.030040813   0.268726247
   39   3.5600   0.3950   0.032800   2.0080   1.7800   0.025682759  -1.666211680
   40   3.7500   0.1050   0.813700   1.9250   1.7000   0.001000000  -0.126889456
   41   3.5500   0.0700  -0.073800   2.0020   1.7750   0.001000000  -0.843144165
   42   2.9600   0.2100  -0.616300   1.5250   1.4250   0.001000000  -1.480495490
   43   2.4200   0.0300   0.121100   1.3810   1.2100   0.030040813   0.268726247
   44   3.2500   0.1700  -0.221900   1.8100   1.6000   0.054801302  -1.445846770
   45   3.5500   0.0700  -0.073800   2.0020   1.7750   0.001000000  -0.843144165
   46   2.4200   0.0300   0.121100   1.3810   1.2100   0.030040813   0.268726247
   47   3.5000   0.0660  -0.070300   1.9750   1.7500   0.005000000  -0.741685710
   48   3.5500   0.0700  -0.325500   2.0020   1.7750   0.001000000  -0.843144165
   49   2.5000   0.0300   0.060000   1.3810   1.2100   0.008598240   0.268726247
   50   2.5000   0.0300   0.060000   1.3810   1.2100   0.008598240   0.268726247
   51   2.4200   0.0300   0.261800   1.3810   1.2100   0.030040813   0.268726247
   52   3.5000   0.0660  -0.120000   1.9750   1.7500   0.005000000  -0.741685710
   53   2.5000   0.0300   0.060000   1.4250   1.2500   0.008598240   0.268726247
   54   2.5000   0.0300   0.060000   1.4250   1.2500   0.008598240   0.268726247
   55   3.5000   0.0660  -0.120000   1.9750   1.7500   0.005000000  -0.741685710
   56   2.5000   0.0300   0.060000   1.4250   1.2500   0.008598240   0.268726247
   57   2.5000   0.0300   0.060000   1.4250   1.2500   0.008598240   0.268726247
   58   3.5000   0.0660  -0.070300   1.9750   1.7500   0.005000000  -0.741685710
   59   2.5000   0.0300   0.060000   1.3810   1.2100   0.008598240   0.268726247
   60   2.5000   0.0300   0.060000   1.3810   1.2100   0.008598240   0.268726247
BOND
    1     2   268.000  2.091
   39    36   265.000  1.745
   39    48   265.000  1.745
   42    40   570.000  1.229
   32    31   570.000  1.229
   44    58   337.000  1.449
   44    47   337.000  1.449
   44    40   490.000  1.335
   34    40   490.000  1.335
   34    29   360.000  1.404
   34    37   434.000  1.010
    6    10   382.000  1.448
    6     3   481.000  1.393
    6     9   434.000  1.010
   14    19   481.000  1.393
   14    11   410.000  1.375
   14    16   434.000  1.010
   23    20   337.000  1.449
   23    31   490.000  1.335
   23    26   434.000  1.010
    7     3   483.000  1.339
    7    11   502.000  1.324
    8    11   502.000  1.324
    8     4   483.000  1.339
   52    55   268.000  1.529
   52    47   268.000  1.529
   52    53   340.000  1.090
   52    54   340.000  1.090
   55    58   268.000  1.529
   55    56   340.000  1.090
   55    57   340.000  1.090
   58    59   340.000  1.090
   58    60   340.000  1.090
   47    49   340.000  1.090
   47    50   340.000  1.090
   29    24   469.000  1.400
   29    35   469.000  1.400
   24    19   469.000  1.400
   24    27   367.000  1.080
   15    10   268.000  1.529
   15    20   268.000  1.529
   15    17   340.000  1.090
   15    18   340.000  1.090
   35    30   469.000  1.400
   35    38   367.000  1.080
   10    12   340.000  1.090
   10    13   340.000  1.090
   19    25   469.000  1.400
   20    21   340.000  1.090
   20    22   340.000  1.090
   30    25   469.000  1.400
   30    33   367.000  1.080
   25    28   367.000  1.080
    3     2   469.000  1.400
    2     4   469.000  1.400
   31    36   325.000  1.466
    4     5   367.000  1.080
   36    41   520.000  1.370
   41    45   400.000  1.425
   41    43   367.000  1.080
   45    48   520.000  1.370
   45    46   367.000  1.080
   48    51   367.000  1.080
THET
   36    39    48   110.00000   90.41100
   58    44    47    50.00000  118.00000
   58    44    40    50.00000  121.90000
   47    44    40    50.00000  121.90000
   40    34    29    65.00000  121.96500
   40    34    37    35.00000  119.80000
   29    34    37    45.00000  118.23600
   10     6     3    50.00000  110.00000
   10     6     9    35.00000  112.50000
    3     6     9    35.00000  113.50000
   19    14    11    60.00000  128.10000
   19    14    16    35.00000  113.50000
   11    14    16    50.00000  113.50000
   20    23    31    50.00000  121.90000
   20    23    26    38.00000  118.40000
   31    23    26    35.00000  119.80000
    3     7    11    70.00000  118.60000
   11     8     4    70.00000  118.60000
   55    52    47    58.35000  112.70000
   55    52    53    37.50000  110.70000
   55    52    54    37.50000  110.70000
   47    52    53    37.50000  110.70000
   47    52    54    37.50000  110.70000
   53    52    54    33.00000  107.80000
   52    55    58    58.35000  112.70000
   52    55    56    37.50000  110.70000
   52    55    57    37.50000  110.70000
   58    55    56    37.50000  110.70000
   58    55    57    37.50000  110.70000
   56    55    57    33.00000  107.80000
   44    58    55    70.00000  110.72300
   44    58    59    35.00000  109.50000
   44    58    60    35.00000  109.50000
   55    58    59    37.50000  110.70000
   55    58    60    37.50000  110.70000
   59    58    60    33.00000  107.80000
   44    47    52    70.00000  110.72300
   44    47    49    35.00000  109.50000
   44    47    50    35.00000  109.50000
   52    47    49    37.50000  110.70000
   52    47    50    37.50000  110.70000
   49    47    50    33.00000  107.80000
   42    40    44    80.00000  122.90000
   42    40    34    80.00000  122.90000
   44    40    34    90.00000  111.91700
   34    29    24    70.00000  119.01900
   34    29    35    70.00000  119.01900
   24    29    35    63.00000  120.00000
   29    24    19    63.00000  120.00000
   29    24    27    35.00000  120.00000
   19    24    27    35.00000  120.00000
   10    15    20    58.35000  112.70000
   10    15    17    37.50000  110.70000
   10    15    18    37.50000  110.70000
   20    15    17    37.50000  110.70000
   20    15    18    37.50000  110.70000
   17    15    18    33.00000  107.80000
   29    35    30    63.00000  120.00000
   29    35    38    35.00000  120.00000
   30    35    38    35.00000  120.00000
    6    10    15    80.00000  111.61500
    6    10    12    35.00000  109.50000
    6    10    13    35.00000  109.50000
   15    10    12    37.50000  110.70000
   15    10    13    37.50000  110.70000
   12    10    13    33.00000  107.80000
   14    19    24    70.00000  120.10000
   14    19    25    70.00000  120.10000
   24    19    25    63.00000  120.00000
   23    20    15    70.00000  110.72300
   23    20    21    35.00000  109.50000
   23    20    22    35.00000  109.50000
   15    20    21    37.50000  110.70000
   15    20    22    37.50000  110.70000
   21    20    22    33.00000  107.80000
   35    30    25    63.00000  120.00000
   35    30    33    35.00000  120.00000
   25    30    33    35.00000  120.00000
   19    25    30    63.00000  120.00000
   19    25    28    35.00000  120.00000
   30    25    28    35.00000  120.00000
    6     3     7    80.00000  117.25000
    6     3     2    70.00000  120.10000
    7     3     2    70.00000  124.00000
   14    11     7    85.00000  116.09700
   14    11     8    85.00000  116.09700
    7    11     8    70.00000  129.10000
    1     2     3    63.00000  120.00000
    1     2     4    63.00000  120.00000
    3     2     4    63.00000  120.00000
   32    31    23    80.00000  122.90000
   32    31    36    80.00000  120.87000
   23    31    36    75.00000  115.25300
    8     4     2    70.00000  124.00000
    8     4     5    35.00000  116.00000
    2     4     5    35.00000  120.00000
   39    36    31    70.00000  117.35500
   39    36    41    80.00000  111.29200
   31    36    41    50.00000  132.79500
   36    41    45    75.00000  112.39000
   36    41    43    35.00000  128.20000
   45    41    43    35.00000  125.69000
   41    45    48    75.00000  112.39000
   41    45    46    35.00000  125.69000
   48    45    46    35.00000  128.20000
   39    48    45    80.00000  111.29200
   39    48    51    40.00000  122.38200
   45    48    51    35.00000  130.70000
PHI
   48    39    36    31   3.62500 -1.0 2.0
   48    39   -36    41   3.62500 -1.0 2.0
   36    39   -48    45   3.62500 -1.0 2.0
   36    39    48    51   3.62500 -1.0 2.0
   47    44   -58    55   1.95000  1.0 1.0
   47    44   -58    55   0.15800 -1.0 2.0
   47    44   -58    55   0.05650  1.0 3.0
   47    44   -58    55   0.33650 -1.0 4.0
   47    44    58    59   0.00000  1.0 1.0
   47    44    58    60   0.00000  1.0 1.0
   40    44    58    55  -0.43950  1.0 1.0
   40    44    58    55  -0.08100 -1.0 2.0
   40    44    58    55   0.03350  1.0 3.0
   40    44    58    59   0.00000  1.0 1.0
   40    44    58    60   0.00000  1.0 1.0
   58    44   -47    52   1.95000  1.0 1.0
   58    44   -47    52   0.15800 -1.0 2.0
   58    44   -47    52   0.05650  1.0 3.0
   58    44   -47    52   0.33650 -1.0 4.0
   58    44    47    49   0.00000  1.0 1.0
   58    44    47    50   0.00000  1.0 1.0
   40    44    47    52  -0.43950  1.0 1.0
   40    44    47    52  -0.08100 -1.0 2.0
   40    44    47    52   0.03350  1.0 3.0
   40    44    47    49   0.00000  1.0 1.0
   40    44    47    50   0.00000  1.0 1.0
   58    44    40    42   3.04450 -1.0 2.0
   58    44    40    34   4.56800  1.0 1.0
   58    44    40    34   1.00000 -1.0 2.0
   47    44    40    42   3.04450 -1.0 2.0
   47    44    40    34   4.56800  1.0 1.0
   47    44    40    34   1.00000 -1.0 2.0
   29    34    40    42   1.00000 -1.0 2.0
   29    34    40    44   0.54900  1.0 1.0
   29    34    40    44   1.90750 -1.0 2.0
   37    34    40    42   2.45000 -1.0 2.0
   37    34    40    44   2.56700 -1.0 2.0
   40    34    29    24   1.00100  1.0 1.0
   40    34    29    24   1.00000 -1.0 2.0
   40    34    29    35   1.00100  1.0 1.0
   40    34    29    35   1.00000 -1.0 2.0
   37    34    29    24   1.00000 -1.0 2.0
   37    34    29    35   1.00000 -1.0 2.0
    3     6    10    15  -0.12500  1.0 1.0
    3     6    10    15  -0.12500 -1.0 2.0
    3     6    10    15   0.25000  1.0 3.0
    3     6    10    12   0.00000  1.0 1.0
    3     6    10    13   0.00000  1.0 1.0
    9     6    10    15   0.00000  1.0 1.0
    9     6    10    12   0.00000  1.0 1.0
    9     6    10    13   0.00000  1.0 1.0
   10     6     3     7  -1.10000  1.0 1.0
   10     6     3     7   1.25000 -1.0 2.0
   10     6     3     2  -1.00000  1.0 1.0
   10     6     3     2   1.25000 -1.0 2.0
    9     6     3     7   1.75000 -1.0 2.0
    9     6     3     2   1.00000 -1.0 2.0
   11    14    19    24   1.00000 -1.0 2.0
   11    14    19    25   1.00000 -1.0 2.0
   16    14    19    24   1.00000 -1.0 2.0
   16    14    19    25   1.00000 -1.0 2.0
   19    14    11     7   1.25000 -1.0 2.0
   19    14    11     8   1.25000 -1.0 2.0
   16    14    11     7   1.75000 -1.0 2.0
   16    14    11     8   1.75000 -1.0 2.0
   31    23    20    15  -0.43950  1.0 1.0
   31    23    20    15  -0.08100 -1.0 2.0
   31    23    20    15   0.03350  1.0 3.0
   31    23    20    21   0.00000  1.0 1.0
   31    23    20    22   0.00000  1.0 1.0
   26    23    20    15   0.00000  1.0 1.0
   26    23    20    21   0.00000  1.0 1.0
   26    23    20    22   0.00000  1.0 1.0
   20    23    31    32   3.04450 -1.0 2.0
   20    23    31    36   1.49850  1.0 1.0
   20    23    31    36   1.53950 -1.0 2.0
   26    23    31    32   2.45000 -1.0 2.0
   26    23    31    36   2.56700 -1.0 2.0
   11     7     3     6   3.62500 -1.0 2.0
   11     7     3     2   3.62500 -1.0 2.0
    3     7    11    14   3.62500 -1.0 2.0
    3     7    11     8   3.62500 -1.0 2.0
    4     8    11    14   3.62500 -1.0 2.0
    4     8    11     7   3.62500 -1.0 2.0
   11     8    -4     2   3.62500 -1.0 2.0
   11     8     4     5   3.62500 -1.0 2.0
   47    52   -55    58   0.56750  1.0 1.0
   47    52   -55    58  -0.07550 -1.0 2.0
   47    52   -55    58   0.20000  1.0 3.0
   47    52    55    56   0.15000  1.0 3.0
   47    52    55    57   0.15000  1.0 3.0
   53    52    55    58   0.15000  1.0 3.0
   53    52    55    56   0.15000  1.0 3.0
   53    52    55    57   0.15000  1.0 3.0
   54    52    55    58   0.15000  1.0 3.0
   54    52    55    56   0.15000  1.0 3.0
   54    52    55    57   0.15000  1.0 3.0
   55    52   -47    44   0.43900  1.0 1.0
   55    52   -47    44   0.49100 -1.0 2.0
   55    52   -47    44   0.28400  1.0 3.0
   55    52    47    49   0.15000  1.0 3.0
   55    52    47    50   0.15000  1.0 3.0
   53    52    47    44   0.15000  1.0 3.0
   53    52    47    49   0.15000  1.0 3.0
   53    52    47    50   0.15000  1.0 3.0
   54    52    47    44   0.15000  1.0 3.0
   54    52    47    49   0.15000  1.0 3.0
   54    52    47    50   0.15000  1.0 3.0
   52    55   -58    44   0.43900  1.0 1.0
   52    55   -58    44   0.49100 -1.0 2.0
   52    55   -58    44   0.28400  1.0 3.0
   52    55    58    59   0.15000  1.0 3.0
   52    55    58    60   0.15000  1.0 3.0
   56    55    58    44   0.15000  1.0 3.0
   56    55    58    59   0.15000  1.0 3.0
   56    55    58    60   0.15000  1.0 3.0
   57    55    58    44   0.15000  1.0 3.0
   57    55    58    59   0.15000  1.0 3.0
   57    55    58    60   0.15000  1.0 3.0
   34    29    24    19   3.62500 -1.0 2.0
   34    29    24    27   3.62500 -1.0 2.0
   35    29    24    19   3.62500 -1.0 2.0
   35    29    24    27   3.62500 -1.0 2.0
   34    29    35    30   3.62500 -1.0 2.0
   34    29    35    38   3.62500 -1.0 2.0
   24    29    35    30   3.62500 -1.0 2.0
   24    29    35    38   3.62500 -1.0 2.0
   29    24    19    14   3.62500 -1.0 2.0
   29    24    19    25   3.62500 -1.0 2.0
   27    24    19    14   3.62500 -1.0 2.0
   27    24    19    25   3.62500 -1.0 2.0
   20    15    10     6   1.26750  1.0 1.0
   20    15    10     6  -0.00950 -1.0 2.0
   20    15    10     6   0.30600  1.0 3.0
   20    15    10    12   0.15000  1.0 3.0
   20    15    10    13   0.15000  1.0 3.0
   17    15    10     6   0.22950  1.0 3.0
   17    15    10    12   0.15000  1.0 3.0
   17    15    10    13   0.15000  1.0 3.0
   18    15    10     6   0.22950  1.0 3.0
   18    15    10    12   0.15000  1.0 3.0
   18    15    10    13   0.15000  1.0 3.0
   10    15    20    23   0.43900  1.0 1.0
   10    15    20    23   0.49100 -1.0 2.0
   10    15    20    23   0.28400  1.0 3.0
   10    15    20    21   0.15000  1.0 3.0
   10    15    20    22   0.15000  1.0 3.0
   17    15    20    23   0.15000  1.0 3.0
   17    15    20    21   0.15000  1.0 3.0
   17    15    20    22   0.15000  1.0 3.0
   18    15    20    23   0.15000  1.0 3.0
   18    15    20    21   0.15000  1.0 3.0
   18    15    20    22   0.15000  1.0 3.0
   29    35   -30    25   3.62500 -1.0 2.0
   29    35    30    33   3.62500 -1.0 2.0
   38    35    30    25   3.62500 -1.0 2.0
   38    35    30    33   3.62500 -1.0 2.0
   14    19    25    30   3.62500 -1.0 2.0
   14    19    25    28   3.62500 -1.0 2.0
   24    19   -25    30   3.62500 -1.0 2.0
   24    19    25    28   3.62500 -1.0 2.0
   35    30   -25    19   3.62500 -1.0 2.0
   35    30    25    28   3.62500 -1.0 2.0
   33    30    25    19   3.62500 -1.0 2.0
   33    30    25    28   3.62500 -1.0 2.0
    6     3     2     1   3.62500 -1.0 2.0
    6     3     2     4   3.62500 -1.0 2.0
    7     3     2     1   3.62500 -1.0 2.0
    7     3    -2     4   3.62500 -1.0 2.0
    1     2     4     8   3.62500 -1.0 2.0
    1     2     4     5   3.62500 -1.0 2.0
    3     2    -4     8   3.62500 -1.0 2.0
    3     2     4     5   3.62500 -1.0 2.0
   32    31    36    39   1.05000 -1.0 2.0
   32    31    36    41   1.05000 -1.0 2.0
   23    31    36    39   1.74800  1.0 1.0
   23    31    36    39   1.00000 -1.0 2.0
   23    31    36    39   0.50400  1.0 3.0
   23    31    36    41   0.75700  1.0 1.0
   23    31    36    41   1.00000 -1.0 2.0
   23    31    36    41   0.33000  1.0 3.0
   23    31    36    41  -0.28100 -1.0 4.0
   39    36   -41    45   3.62500 -1.0 2.0
   39    36    41    43   3.62500 -1.0 2.0
   31    36    41    45   3.62500 -1.0 2.0
   31    36    41    43   3.62500 -1.0 2.0
   36    41   -45    48   3.62500 -1.0 2.0
   36    41    45    46   3.62500 -1.0 2.0
   43    41    45    48   3.62500 -1.0 2.0
   43    41    45    46   3.62500 -1.0 2.0
   41    45   -48    39   3.62500 -1.0 2.0
   41    45    48    51   3.62500 -1.0 2.0
   46    45    48    39   3.62500 -1.0 2.0
   46    45    48    51   3.62500 -1.0 2.0
IPHI
   47    40    44    58   1.00000 -1.0 2.0
   37    40    34    29   1.00000 -1.0 2.0
    9     3     6    10   1.00000 -1.0 2.0
   16    19    14    11   1.00000 -1.0 2.0
   26    31    23    20   1.00000 -1.0 2.0
   44    34    40    42  10.50000 -1.0 2.0
   24    35    29    34   4.00000 -1.0 2.0
   19    27    24    29   1.10000 -1.0 2.0
   30    38    35    29   1.10000 -1.0 2.0
   24    25    19    14   4.00000 -1.0 2.0
   25    33    30    35   1.10000 -1.0 2.0
   30    28    25    19   1.10000 -1.0 2.0
    7     2     3     6   4.00000 -1.0 2.0
    7     8    11    14   4.00000 -1.0 2.0
    3     4     2     1   4.00000 -1.0 2.0
   23    36    31    32  10.50000 -1.0 2.0
    2     5     4     8   1.10000 -1.0 2.0
   31    41    36    39   4.00000 -1.0 2.0
   45    43    41    36   1.10000 -1.0 2.0
   48    46    45    41   1.10000 -1.0 2.0
   45    51    48    39   1.10000 -1.0 2.0
END
